EdgeNumber Node1 Node2 FullCorrelation PartialCorrelation
1 1 2 0.27 0.12
2 1 3 2.29 -0.15
3 2 3 -0.17 -0.34
4 1 4 4.27 1.57
5 2 4 -1.89 -1.61
6 3 4 6.07 2.60
7 1 5 -0.30 -0.21
8 2 5 -6.57 -0.86
9 3 5 -1.58 -0.19
10 4 5 -4.03 -0.69
11 1 6 0.88 -0.05
12 2 6 2.14 0.83
13 3 6 -0.38 -0.39
14 4 6 0.46 0.05
15 5 6 0.50 0.08
16 1 7 0.75 -0.07
17 2 7 -1.05 -0.11
18 3 7 -0.74 -0.20
19 4 7 -2.22 -0.09
20 5 7 8.14 1.88
21 6 7 0.22 -0.36
22 1 8 1.33 0.16
23 2 8 0.24 -0.11
24 3 8 4.50 0.95
25 4 8 -2.45 -1.23
26 5 8 -0.40 -0.30
27 6 8 -1.16 -0.28
28 7 8 0.06 0.06
29 1 9 1.26 -0.06
30 2 9 -3.96 -1.00
31 3 9 -0.41 -0.05
32 4 9 -2.11 -0.23
33 5 9 5.20 0.58
34 6 9 1.58 0.10
35 7 9 3.00 -0.01
36 8 9 -1.45 -0.46
37 1 10 -0.43 -0.11
38 2 10 -0.89 0.31
39 3 10 -3.90 -0.78
40 4 10 1.80 0.44
41 5 10 1.65 0.73
42 6 10 -0.48 0.02
43 7 10 3.07 0.74
44 8 10 -0.65 0.41
45 9 10 -3.78 -1.24
46 1 11 -0.65 -0.49
47 2 11 -5.37 -0.75
48 3 11 -2.31 -0.37
49 4 11 -5.73 -1.39
50 5 11 9.30 2.32
51 6 11 0.24 0.23
52 7 11 7.31 1.53
53 8 11 -0.78 -0.22
54 9 11 4.24 0.28
55 10 11 2.59 0.93
56 1 12 -0.80 0.08
57 2 12 -3.81 -1.26
58 3 12 -0.57 0.02
59 4 12 -3.86 -1.09
60 5 12 -0.51 -2.07
61 6 12 -1.01 -0.24
62 7 12 -1.80 -1.12
63 8 12 0.09 -0.16
64 9 12 -1.33 -0.82
65 10 12 -1.08 -0.11
66 11 12 10.80 6.56
67 1 13 0.09 -0.01
68 2 13 -4.90 -0.75
69 3 13 -1.42 -0.43
70 4 13 -3.93 -0.26
71 5 13 9.56 2.00
72 6 13 -0.58 -0.29
73 7 13 5.91 0.95
74 8 13 0.40 0.17
75 9 13 6.00 0.52
76 10 13 -4.52 -1.61
77 11 13 6.67 1.08
78 12 13 0.16 -0.43
79 1 14 7.67 2.03
80 2 14 0.23 -0.32
81 3 14 9.22 2.37
82 4 14 2.87 1.40
83 5 14 -1.43 -0.16
84 6 14 0.32 -0.12
85 7 14 -0.83 -0.43
86 8 14 10.50 4.14
87 9 14 -0.48 -0.18
88 10 14 -3.20 -1.07
89 11 14 -2.25 -0.76
90 12 14 -0.41 0.18
91 13 14 -1.35 -0.66
92 1 15 -0.51 -0.29
93 2 15 2.68 0.58
94 3 15 -0.51 -0.39
95 4 15 -3.33 -0.75
96 5 15 -3.06 -0.81
97 6 15 -1.68 -0.41
98 7 15 1.19 0.90
99 8 15 0.90 0.05
100 9 15 -0.78 -0.10
101 10 15 -2.63 -0.55
102 11 15 -2.26 -1.22
103 12 15 0.99 0.29
104 13 15 -0.34 -0.30
105 14 15 0.18 -0.22
106 1 16 -3.90 -1.12
107 2 16 0.70 -0.12
108 3 16 5.14 1.03
109 4 16 -0.67 -0.38
110 5 16 -1.22 -0.06
111 6 16 0.06 -0.05
112 7 16 -0.34 -0.08
113 8 16 4.75 1.12
114 9 16 -1.27 -0.08
115 10 16 -1.04 -0.18
116 11 16 -1.15 -0.11
117 12 16 0.29 0.07
118 13 16 -2.44 -0.53
119 14 16 2.34 0.03
120 15 16 0.70 0.02
121 1 17 -2.09 -0.57
122 2 17 -4.51 -0.91
123 3 17 -0.46 -0.04
124 4 17 -1.69 -0.15
125 5 17 6.34 0.94
126 6 17 -1.59 -0.42
127 7 17 2.53 0.35
128 8 17 0.01 -0.12
129 9 17 1.96 -0.05
130 10 17 -1.34 -0.36
131 11 17 2.35 0.02
132 12 17 -1.35 -0.80
133 13 17 6.22 0.61
134 14 17 -0.68 -0.07
135 15 17 -2.79 -0.81
136 16 17 -0.89 -0.07
137 1 18 -3.17 -0.66
138 2 18 4.65 1.10
139 3 18 -1.13 -0.66
140 4 18 3.15 0.02
141 5 18 -6.04 -0.68
142 6 18 -1.14 -0.02
143 7 18 -5.47 -0.56
144 8 18 -0.02 0.24
145 9 18 -6.27 -1.06
146 10 18 -0.48 -0.55
147 11 18 -9.33 -1.51
148 12 18 -5.74 -2.07
149 13 18 -5.55 -0.57
150 14 18 -1.19 -0.50
151 15 18 -1.70 -0.68
152 16 18 0.46 -0.10
153 17 18 -2.32 -0.36
154 1 19 3.48 1.06
155 2 19 1.23 0.87
156 3 19 -1.89 -0.19
157 4 19 -3.16 -1.06
158 5 19 0.77 0.17
159 6 19 -1.96 -0.55
160 7 19 1.85 0.22
161 8 19 -0.16 -0.18
162 9 19 0.97 0.47
163 10 19 2.53 0.02
164 11 19 2.41 -0.31
165 12 19 2.72 0.66
166 13 19 -2.10 -0.55
167 14 19 0.18 0.19
168 15 19 3.89 1.20
169 16 19 -0.40 0.04
170 17 19 -3.43 -1.05
171 18 19 -3.50 -0.72
172 1 20 -1.21 -0.46
173 2 20 -0.92 -0.62
174 3 20 0.66 0.02
175 4 20 -0.77 -0.57
176 5 20 0.87 -0.05
177 6 20 1.39 -0.13
178 7 20 0.42 -0.22
179 8 20 -0.56 -0.20
180 9 20 2.36 0.38
181 10 20 -1.74 -0.42
182 11 20 1.24 0.36
183 12 20 -0.98 -0.15
184 13 20 -0.12 -0.24
185 14 20 0.24 -0.06
186 15 20 -1.72 -0.22
187 16 20 0.40 -0.01
188 17 20 -1.41 -0.51
189 18 20 2.59 1.42
190 19 20 -1.62 -0.27
191 1 21 -0.10 -0.17
192 2 21 -3.22 -0.81
193 3 21 -1.61 -0.37
194 4 21 -3.35 -0.27
195 5 21 4.89 0.26
196 6 21 -0.91 -0.30
197 7 21 5.98 1.25
198 8 21 0.57 0.23
199 9 21 7.12 0.99
200 10 21 -2.65 -0.42
201 11 21 6.16 1.21
202 12 21 -0.45 -0.65
203 13 21 12.00 2.80
204 14 21 -1.48 -0.53
205 15 21 1.81 0.71
206 16 21 -1.71 -0.24
207 17 21 4.24 0.44
208 18 21 -5.06 -0.45
209 19 21 -1.89 -0.73
210 20 21 -0.41 -0.27
211 1 22 0.32 -0.07
212 2 22 7.57 2.50
213 3 22 0.29 -0.11
214 4 22 -1.22 -0.12
215 5 22 -3.20 -0.69
216 6 22 2.40 0.35
217 7 22 0.29 0.52
218 8 22 -0.89 -0.28
219 9 22 1.72 0.87
220 10 22 -2.10 -0.43
221 11 22 -1.78 -0.50
222 12 22 1.12 0.69
223 13 22 -3.05 -0.70
224 14 22 0.21 -0.14
225 15 22 1.03 -0.06
226 16 22 0.51 0.02
227 17 22 -2.75 -0.42
228 18 22 -0.74 -0.38
229 19 22 0.83 0.18
230 20 22 -0.06 0.01
231 21 22 -2.46 -0.76
232 1 23 -2.24 -0.48
233 2 23 3.73 0.71
234 3 23 -0.26 -0.12
235 4 23 -2.37 -0.47
236 5 23 -1.19 -0.15
237 6 23 -0.56 -0.05
238 7 23 -1.56 -0.41
239 8 23 1.88 0.34
240 9 23 -1.74 -0.30
241 10 23 -1.32 -0.08
242 11 23 -1.45 -0.11
243 12 23 -0.64 -0.21
244 13 23 -0.81 -0.17
245 14 23 -0.35 -0.34
246 15 23 1.52 0.05
247 16 23 1.01 0.06
248 17 23 2.46 0.95
249 18 23 1.27 0.11
250 19 23 0.31 0.07
251 20 23 0.21 0.17
252 21 23 -1.45 -0.46
253 22 23 0.87 0.05
254 1 24 -3.16 -0.82
255 2 24 -6.96 -2.43
256 3 24 -3.24 -0.75
257 4 24 2.51 0.62
258 5 24 2.68 2.14
259 6 24 -1.63 -0.17
260 7 24 -4.53 -1.06
261 8 24 -1.07 -0.01
262 9 24 -3.30 -0.59
263 10 24 4.25 0.97
264 11 24 -1.36 -0.59
265 12 24 2.81 0.89
266 13 24 -3.30 -0.71
267 14 24 -3.13 -0.85
268 15 24 -3.07 -0.49
269 16 24 -0.57 0.03
270 17 24 0.59 0.13
271 18 24 2.95 1.15
272 19 24 2.17 1.55
273 20 24 -1.70 -0.11
274 21 24 -6.45 -2.16
275 22 24 -2.33 -0.19
276 23 24 -1.62 -0.30
277 1 25 -1.89 -0.17
278 2 25 -2.17 -0.53
279 3 25 -0.80 -0.24
280 4 25 2.86 1.03
281 5 25 -1.90 -0.61
282 6 25 -0.90 -0.26
283 7 25 -4.81 -0.60
284 8 25 0.34 0.37
285 9 25 -0.64 0.31
286 10 25 0.40 0.50
287 11 25 -4.17 -1.11
288 12 25 0.74 0.13
289 13 25 -3.73 -1.11
290 14 25 -2.24 -0.86
291 15 25 -1.97 -0.41
292 16 25 0.26 -0.01
293 17 25 -1.23 -0.52
294 18 25 2.48 0.14
295 19 25 -1.44 0.10
296 20 25 -1.81 -0.38
297 21 25 -1.48 0.45
298 22 25 0.98 0.34
299 23 25 -1.24 -0.33
300 24 25 9.03 3.35
301 1 26 -3.99 -1.02
302 2 26 1.89 0.95
303 3 26 -1.72 -0.56
304 4 26 3.18 0.54
305 5 26 -7.50 -1.34
306 6 26 -2.20 -0.51
307 7 26 -6.62 -0.73
308 8 26 -0.83 0.04
309 9 26 -5.49 -0.59
310 10 26 -0.85 -0.85
311 11 26 -3.76 -0.43
312 12 26 6.04 3.79
313 13 26 -5.46 -0.46
314 14 26 -2.51 -0.99
315 15 26 -0.73 -0.35
316 16 26 0.27 -0.08
317 17 26 -3.32 -0.43
318 18 26 6.66 1.51
319 19 26 -1.47 -0.39
320 20 26 -1.68 -0.44
321 21 26 -4.56 -0.24
322 22 26 -0.73 -0.59
323 23 26 0.13 -0.01
324 24 26 5.51 1.18
325 25 26 5.15 1.27
326 1 27 -0.36 -0.08
327 2 27 6.35 1.84
328 3 27 -0.72 -0.54
329 4 27 2.24 0.38
330 5 27 -4.08 -0.46
331 6 27 2.63 0.52
332 7 27 -1.94 -0.40
333 8 27 -1.03 -0.07
334 9 27 -1.24 0.03
335 10 27 -1.75 -0.93
336 11 27 -4.15 -0.45
337 12 27 -4.00 -0.82
338 13 27 -4.10 -0.87
339 14 27 -1.52 -1.03
340 15 27 0.32 -0.18
341 16 27 -0.45 -0.28
342 17 27 -2.78 -0.29
343 18 27 4.25 1.00
344 19 27 -1.95 -0.35
345 20 27 4.13 1.19
346 21 27 -2.49 -0.24
347 22 27 0.09 -0.52
348 23 27 1.34 0.02
349 24 27 -3.03 -0.81
350 25 27 -0.51 0.04
351 26 27 0.89 -0.10
352 1 28 -0.19 -0.08
353 2 28 -0.25 -0.39
354 3 28 -0.61 -0.16
355 4 28 -0.31 -0.13
356 5 28 -1.63 -0.43
357 6 28 0.89 0.28
358 7 28 -3.01 -0.70
359 8 28 0.26 0.03
360 9 28 5.97 1.85
361 10 28 -4.27 -0.99
362 11 28 -4.65 -1.47
363 12 28 -3.79 -1.19
364 13 28 2.50 0.72
365 14 28 -0.69 -0.37
366 15 28 2.93 0.74
367 16 28 -0.71 -0.10
368 17 28 1.09 0.14
369 18 28 -0.17 -0.39
370 19 28 -2.38 -0.53
371 20 28 -1.21 -0.31
372 21 28 3.75 0.83
373 22 28 -0.27 -0.31
374 23 28 1.47 0.32
375 24 28 -0.76 0.18
376 25 28 3.46 0.94
377 26 28 -0.71 -0.27
378 27 28 2.08 0.66
379 1 29 -1.24 -0.20
380 2 29 -0.08 -0.16
381 3 29 -1.77 -0.09
382 4 29 -5.41 -1.14
383 5 29 -0.85 -0.24
384 6 29 -3.29 -0.67
385 7 29 -4.27 -1.99
386 8 29 -0.34 -0.20
387 9 29 1.43 0.12
388 10 29 -4.60 -1.54
389 11 29 2.21 0.80
390 12 29 3.70 1.05
391 13 29 3.60 0.77
392 14 29 -1.70 -0.55
393 15 29 4.86 1.48
394 16 29 -1.68 -0.30
395 17 29 1.30 0.13
396 18 29 -1.18 0.39
397 19 29 1.58 0.49
398 20 29 -2.60 -0.53
399 21 29 4.75 1.20
400 22 29 0.50 -0.02
401 23 29 1.32 0.15
402 24 29 -2.37 -0.93
403 25 29 -1.88 -0.99
404 26 29 0.17 0.21
405 27 29 -3.17 -1.13
406 28 29 2.74 0.45
407 1 30 0.57 -0.17
408 2 30 0.40 0.23
409 3 30 0.39 -0.10
410 4 30 -1.25 -0.57
411 5 30 1.60 -0.12
412 6 30 3.72 0.38
413 7 30 2.13 0.06
414 8 30 -1.14 -0.32
415 9 30 3.32 0.44
416 10 30 -0.76 -0.10
417 11 30 1.40 0.05
418 12 30 -0.96 -0.24
419 13 30 1.61 0.13
420 14 30 0.75 0.11
421 15 30 -1.41 -0.27
422 16 30 0.29 0.05
423 17 30 0.43 0.01
424 18 30 -4.20 -1.22
425 19 30 -1.45 -0.38
426 20 30 1.57 -0.08
427 21 30 0.58 -0.14
428 22 30 1.21 0.14
429 23 30 -1.81 -0.32
430 24 30 -2.42 -0.15
431 25 30 -2.03 -0.28
432 26 30 -3.62 -0.61
433 27 30 0.61 0.11
434 28 30 -0.44 -0.13
435 29 30 -2.40 -0.40
436 1 31 -1.48 -0.12
437 2 31 -7.31 -1.76
438 3 31 -1.07 -0.03
439 4 31 -2.45 -0.45
440 5 31 6.45 2.66
441 6 31 -1.41 -0.19
442 7 31 -4.37 -1.91
443 8 31 -0.55 -0.26
444 9 31 1.25 0.18
445 10 31 -4.72 -2.00
446 11 31 1.32 -0.39
447 12 31 4.66 1.27
448 13 31 4.79 0.98
449 14 31 -1.59 -0.46
450 15 31 -0.04 0.02
451 16 31 -1.85 -0.44
452 17 31 4.54 0.68
453 18 31 -1.93 -0.29
454 19 31 -1.18 -0.35
455 20 31 -1.40 -0.22
456 21 31 1.64 0.20
457 22 31 -1.48 -0.10
458 23 31 -0.71 -0.11
459 24 31 7.20 2.45
460 25 31 4.53 1.27
461 26 31 -0.47 -0.81
462 27 31 -3.44 -0.21
463 28 31 1.62 0.03
464 29 31 4.90 1.63
465 30 31 -1.11 -0.15
466 1 32 0.22 -0.14
467 2 32 0.26 0.01
468 3 32 0.12 -0.23
469 4 32 0.38 -0.26
470 5 32 1.63 0.38
471 6 32 4.43 0.59
472 7 32 1.32 -0.09
473 8 32 -1.15 -0.28
474 9 32 3.24 0.49
475 10 32 -1.51 -0.36
476 11 32 0.67 0.28
477 12 32 -2.53 -0.69
478 13 32 0.46 -0.10
479 14 32 0.72 0.14
480 15 32 -2.65 -0.45
481 16 32 0.48 0.07
482 17 32 -0.99 -0.32
483 18 32 0.54 0.28
484 19 32 -2.40 -0.40
485 20 32 7.13 1.16
486 21 32 0.11 -0.15
487 22 32 0.75 0.11
488 23 32 -1.30 -0.20
489 24 32 -2.70 -0.55
490 25 32 -1.22 -0.07
491 26 32 -1.26 0.27
492 27 32 2.83 0.53
493 28 32 -0.59 -0.19
494 29 32 -4.07 -0.81
495 30 32 3.91 0.34
496 31 32 -1.67 -0.10
497 1 33 -0.42 -0.33
498 2 33 3.96 0.28
499 3 33 -0.45 -0.15
500 4 33 -0.30 0.30
501 5 33 -8.61 -3.00
502 6 33 -1.01 -0.28
503 7 33 -2.09 -0.41
504 8 33 -0.46 -0.08
505 9 33 1.26 0.29
506 10 33 -1.10 -0.09
507 11 33 0.86 1.39
508 12 33 1.12 0.13
509 13 33 -2.93 -0.68
510 14 33 -0.60 -0.20
511 15 33 2.43 0.41
512 16 33 0.40 0.14
513 17 33 -3.61 -0.55
514 18 33 -0.86 -0.68
515 19 33 1.47 0.40
516 20 33 -1.20 -0.29
517 21 33 2.45 0.74
518 22 33 3.62 0.68
519 23 33 0.25 -0.21
520 24 33 -5.75 -1.48
521 25 33 1.25 0.89
522 26 33 2.22 0.72
523 27 33 1.92 0.51
524 28 33 1.98 0.17
525 29 33 5.43 1.61
526 30 33 -1.87 -0.53
527 31 33 -5.09 -1.28
528 32 33 -1.17 -0.17
529 1 34 -1.26 -0.52
530 2 34 4.23 0.97
531 3 34 -0.71 -0.20
532 4 34 4.73 0.76
533 5 34 -5.12 -0.39
534 6 34 -3.54 -1.43
535 7 34 -2.82 -0.66
536 8 34 -1.95 -0.38
537 9 34 -3.78 -0.50
538 10 34 1.95 -0.13
539 11 34 -4.68 -0.45
540 12 34 -4.79 -1.00
541 13 34 -4.46 -0.42
542 14 34 -0.97 -0.46
543 15 34 -1.87 -0.53
544 16 34 -0.64 -0.10
545 17 34 -2.17 -0.15
546 18 34 7.82 1.98
547 19 34 -1.50 -0.57
548 20 34 1.83 0.64
549 21 34 -3.62 -0.50
550 22 34 -1.96 -0.74
551 23 34 0.45 0.07
552 24 34 -1.43 -1.08
553 25 34 -2.62 -0.87
554 26 34 3.35 0.35
555 27 34 3.72 0.38
556 28 34 -2.02 -0.65
557 29 34 -1.45 0.11
558 30 34 0.66 0.75
559 31 34 -4.85 -0.76
560 32 34 1.12 0.34
561 33 34 0.72 -0.07
562 1 35 0.78 0.05
563 2 35 5.51 1.33
564 3 35 1.17 -0.13
565 4 35 1.58 0.58
566 5 35 -3.13 -0.56
567 6 35 6.60 1.64
568 7 35 -0.77 0.01
569 8 35 -0.98 -0.32
570 9 35 -1.32 -0.42
571 10 35 -1.67 -0.06
572 11 35 -3.38 -0.69
573 12 35 -1.29 0.00
574 13 35 -1.88 -0.13
575 14 35 0.70 -0.10
576 15 35 0.84 0.12
577 16 35 0.94 0.10
578 17 35 -2.46 -0.45
579 18 35 -1.23 -1.27
580 19 35 -1.73 -0.20
581 20 35 0.23 -0.05
582 21 35 -2.14 -0.40
583 22 35 3.72 0.57
584 23 35 0.30 -0.07
585 24 35 -2.45 -0.02
586 25 35 -0.06 -0.10
587 26 35 -0.57 -0.38
588 27 35 4.77 1.25
589 28 35 1.34 0.30
590 29 35 -1.49 -0.07
591 30 35 4.96 1.20
592 31 35 -2.28 -0.32
593 32 35 2.25 0.42
594 33 35 0.75 -0.06
595 34 35 -0.18 -0.04
596 1 36 0.86 0.01
597 2 36 -2.70 -0.44
598 3 36 -3.81 -0.43
599 4 36 -3.80 -1.71
600 5 36 4.55 0.80
601 6 36 -1.24 -0.23
602 7 36 4.94 0.64
603 8 36 -1.15 -0.28
604 9 36 1.40 0.06
605 10 36 7.95 1.54
606 11 36 7.37 1.68
607 12 36 1.65 0.19
608 13 36 -0.42 -0.83
609 14 36 -1.88 -0.28
610 15 36 -0.32 -0.22
611 16 36 -1.27 -0.06
612 17 36 -0.14 -0.05
613 18 36 -4.57 -0.64
614 19 36 11.20 3.59
615 20 36 -1.36 -0.46
616 21 36 0.10 -0.33
617 22 36 -1.80 -0.25
618 23 36 -1.28 -0.32
619 24 36 2.49 1.19
620 25 36 -3.42 -0.59
621 26 36 -4.15 -1.31
622 27 36 -2.88 -0.65
623 28 36 -3.80 -0.69
624 29 36 0.04 -0.07
625 30 36 -0.08 0.01
626 31 36 -1.85 -0.77
627 32 36 -1.41 -0.26
628 33 36 -0.11 0.25
629 34 36 -0.91 -0.39
630 35 36 -3.83 -0.62
631 1 37 -2.80 -0.51
632 2 37 4.93 1.29
633 3 37 -0.25 0.01
634 4 37 -2.51 -1.82
635 5 37 -6.67 -1.35
636 6 37 -2.53 -0.55
637 7 37 -4.94 -0.13
638 8 37 0.61 -0.15
639 9 37 -7.85 -1.80
640 10 37 -1.20 0.18
641 11 37 -8.26 -2.35
642 12 37 -0.02 0.60
643 13 37 -4.12 -0.50
644 14 37 -0.17 0.07
645 15 37 4.10 0.59
646 16 37 1.14 0.15
647 17 37 -0.59 0.38
648 18 37 7.38 2.08
649 19 37 -1.73 -0.56
650 20 37 -3.87 -1.06
651 21 37 -4.30 -0.88
652 22 37 1.37 0.02
653 23 37 2.31 0.15
654 24 37 1.38 0.45
655 25 37 1.48 -0.28
656 26 37 4.32 0.45
657 27 37 0.92 -0.21
658 28 37 1.17 -0.14
659 29 37 4.69 1.63
660 30 37 -3.27 -0.48
661 31 37 2.40 1.19
662 32 37 -4.13 -0.84
663 33 37 0.98 0.03
664 34 37 1.63 0.02
665 35 37 1.77 0.57
666 36 37 -3.99 -0.66
667 1 38 -0.68 -0.06
668 2 38 1.93 0.31
669 3 38 -1.37 -0.29
670 4 38 -0.90 -0.28
671 5 38 -0.58 -0.01
672 6 38 -0.23 -0.13
673 7 38 0.96 0.30
674 8 38 0.35 0.10
675 9 38 -0.82 -0.19
676 10 38 -0.29 -0.10
677 11 38 -1.03 -0.22
678 12 38 -0.51 -0.06
679 13 38 -0.67 -0.24
680 14 38 -1.10 -0.28
681 15 38 3.29 0.71
682 16 38 -0.11 -0.06
683 17 38 0.15 0.10
684 18 38 -0.14 -0.18
685 19 38 -0.35 -0.25
686 20 38 -1.03 -0.22
687 21 38 0.11 0.03
688 22 38 0.69 0.04
689 23 38 1.07 0.05
690 24 38 -0.69 -0.20
691 25 38 0.32 0.07
692 26 38 -0.03 -0.13
693 27 38 3.25 0.82
694 28 38 2.31 0.49
695 29 38 -0.34 -0.23
696 30 38 -0.19 -0.01
697 31 38 -0.27 0.00
698 32 38 -1.02 -0.22
699 33 38 0.41 0.02
700 34 38 -0.99 -0.44
701 35 38 1.25 0.20
702 36 38 -0.35 -0.03
703 37 38 1.05 0.02
704 1 39 -0.04 0.27
705 2 39 -2.70 -1.50
706 3 39 -4.70 -1.68
707 4 39 6.79 2.97
708 5 39 -4.21 -2.43
709 6 39 -2.29 -0.29
710 7 39 -2.91 -0.50
711 8 39 -2.65 -0.53
712 9 39 -3.63 -0.40
713 10 39 8.93 3.40
714 11 39 -2.32 -0.20
715 12 39 -1.53 -0.93
716 13 39 -4.79 -0.37
717 14 39 -2.39 -0.31
718 15 39 -2.14 -0.56
719 16 39 -2.76 -0.80
720 17 39 -1.71 -0.03
721 18 39 3.54 0.20
722 19 39 2.77 0.77
723 20 39 -2.41 -0.78
724 21 39 -4.06 -0.17
725 22 39 -3.50 -0.73
726 23 39 -2.30 -0.81
727 24 39 8.43 3.90
728 25 39 -0.57 -1.83
729 26 39 5.80 2.22
730 27 39 0.53 0.31
731 28 39 -1.13 0.23
732 29 39 -1.43 0.32
733 30 39 -2.68 -0.54
734 31 39 -0.83 0.74
735 32 39 -2.26 -0.46
736 33 39 -1.01 -0.53
737 34 39 8.10 3.21
738 35 39 -3.41 -1.19
739 36 39 5.99 2.88
740 37 39 0.38 -0.28
741 38 39 -0.05 0.23
742 1 40 -1.86 -0.26
743 2 40 -4.64 -1.78
744 3 40 -0.73 0.07
745 4 40 -1.25 -0.79
746 5 40 1.51 0.29
747 6 40 -1.33 -0.28
748 7 40 -1.48 -0.67
749 8 40 0.40 0.03
750 9 40 -3.52 -0.82
751 10 40 4.78 1.77
752 11 40 -0.44 0.00
753 12 40 -0.48 -0.71
754 13 40 -0.06 0.41
755 14 40 -0.92 -0.02
756 15 40 1.69 0.64
757 16 40 -0.06 -0.07
758 17 40 -0.21 -0.48
759 18 40 0.94 0.13
760 19 40 -1.91 -1.11
761 20 40 -0.94 -0.17
762 21 40 -2.39 -0.58
763 22 40 -3.07 -0.53
764 23 40 -0.77 -0.28
765 24 40 4.17 0.78
766 25 40 1.88 0.66
767 26 40 -0.32 -0.30
768 27 40 1.34 1.10
769 28 40 -0.28 0.01
770 29 40 -0.23 0.03
771 30 40 -1.15 -0.10
772 31 40 2.90 0.53
773 32 40 -1.47 -0.17
774 33 40 -3.71 -0.85
775 34 40 -1.04 -0.46
776 35 40 -1.38 -0.13
777 36 40 1.94 0.56
778 37 40 4.47 1.76
779 38 40 0.16 -0.09
780 39 40 2.21 0.08
781 1 41 1.37 -0.00
782 2 41 3.57 0.58
783 3 41 2.05 0.41
784 4 41 5.48 1.57
785 5 41 -3.69 -0.80
786 6 41 0.94 -0.00
787 7 41 -0.07 0.12
788 8 41 -4.20 -1.34
789 9 41 -0.50 -0.12
790 10 41 0.90 0.09
791 11 41 -2.87 -0.50
792 12 41 -3.00 -0.24
793 13 41 -3.24 -0.50
794 14 41 0.17 0.11
795 15 41 -2.47 -0.67
796 16 41 -0.98 -0.36
797 17 41 -1.96 -0.08
798 18 41 2.15 0.13
799 19 41 -0.78 0.07
800 20 41 0.74 -0.09
801 21 41 -2.64 -0.67
802 22 41 2.79 0.61
803 23 41 -1.43 -0.33
804 24 41 -3.38 -1.18
805 25 41 -0.12 0.13
806 26 41 0.35 0.02
807 27 41 2.07 0.02
808 28 41 -1.18 -0.25
809 29 41 -2.56 -0.43
810 30 41 1.56 0.20
811 31 41 -3.79 -0.06
812 32 41 2.73 0.46
813 33 41 2.73 0.54
814 34 41 4.52 0.88
815 35 41 2.05 0.18
816 36 41 -0.88 -0.04
817 37 41 -0.73 -0.20
818 38 41 -0.70 -0.13
819 39 41 0.48 -0.54
820 40 41 -2.55 -0.54
821 1 42 -2.75 -0.84
822 2 42 0.71 -0.27
823 3 42 1.19 0.49
824 4 42 6.92 1.75
825 5 42 -3.50 -0.45
826 6 42 -1.36 -0.57
827 7 42 -1.31 0.05
828 8 42 -2.76 -0.73
829 9 42 -4.07 -0.48
830 10 42 2.43 0.29
831 11 42 -4.12 -0.06
832 12 42 -3.52 -0.94
833 13 42 -3.96 -0.29
834 14 42 -2.22 -0.92
835 15 42 -2.58 -0.39
836 16 42 1.69 0.54
837 17 42 -1.68 -0.24
838 18 42 7.25 1.70
839 19 42 -3.22 -0.81
840 20 42 -0.74 -0.37
841 21 42 -3.13 0.10
842 22 42 -1.68 -0.56
843 23 42 -1.37 -0.34
844 24 42 3.23 0.95
845 25 42 1.84 -0.04
846 26 42 4.80 0.86
847 27 42 0.18 -0.75
848 28 42 -2.56 -0.87
849 29 42 -4.90 -1.25
850 30 42 -0.54 0.08
851 31 42 -4.08 -1.35
852 32 42 0.46 0.01
853 33 42 -1.39 -0.53
854 34 42 4.43 0.15
855 35 42 0.11 -0.09
856 36 42 -2.54 -0.68
857 37 42 1.64 0.18
858 38 42 -0.01 0.11
859 39 42 4.40 0.50
860 40 42 0.14 -0.14
861 41 42 5.32 1.56
862 1 43 -0.27 -0.12
863 2 43 0.08 -0.23
864 3 43 -0.97 -0.19
865 4 43 -0.29 -0.38
866 5 43 -0.47 -0.39
867 6 43 1.15 0.13
868 7 43 2.38 0.47
869 8 43 -1.73 -0.41
870 9 43 0.88 0.27
871 10 43 1.52 0.31
872 11 43 0.42 0.15
873 12 43 -1.81 -0.56
874 13 43 0.47 0.27
875 14 43 -1.15 -0.27
876 15 43 -0.69 0.06
877 16 43 -1.12 -0.25
878 17 43 -1.38 -0.39
879 18 43 -0.23 -0.14
880 19 43 -0.45 -0.15
881 20 43 -0.30 -0.23
882 21 43 -0.33 -0.26
883 22 43 -0.18 -0.12
884 23 43 -2.12 -0.40
885 24 43 -0.80 -0.16
886 25 43 -0.81 -0.14
887 26 43 -0.80 -0.17
888 27 43 0.03 0.00
889 28 43 -2.01 -0.55
890 29 43 -2.21 -0.46
891 30 43 1.08 0.09
892 31 43 -3.00 -0.67
893 32 43 0.55 -0.04
894 33 43 0.14 0.04
895 34 43 -0.15 -0.30
896 35 43 0.37 -0.06
897 36 43 0.28 -0.07
898 37 43 -1.04 0.04
899 38 43 -0.40 -0.08
900 39 43 0.18 0.04
901 40 43 -1.02 -0.29
902 41 43 0.90 0.05
903 42 43 1.62 0.29
904 1 44 -1.73 -0.12
905 2 44 1.28 0.38
906 3 44 -0.53 -0.28
907 4 44 -0.67 -0.41
908 5 44 -2.69 -0.60
909 6 44 -1.08 -0.32
910 7 44 -4.28 -0.26
911 8 44 1.04 0.20
912 9 44 -0.49 -0.04
913 10 44 -3.61 -0.15
914 11 44 -5.54 -1.32
915 12 44 -1.18 -0.27
916 13 44 1.74 0.94
917 14 44 -0.69 -0.16
918 15 44 -0.27 -0.22
919 16 44 0.08 -0.03
920 17 44 1.65 0.29
921 18 44 3.54 0.65
922 19 44 -5.31 -1.14
923 20 44 -2.76 -0.64
924 21 44 2.54 1.21
925 22 44 1.57 0.21
926 23 44 -0.36 -0.52
927 24 44 1.06 -0.15
928 25 44 7.95 2.35
929 26 44 2.48 0.18
930 27 44 -1.78 -0.81
931 28 44 5.92 1.34
932 29 44 2.65 0.28
933 30 44 -1.06 0.00
934 31 44 4.64 1.45
935 32 44 -1.66 -0.22
936 33 44 2.09 0.66
937 34 44 -2.22 -0.79
938 35 44 1.21 0.19
939 36 44 -7.60 -1.45
940 37 44 5.94 1.77
941 38 44 0.52 0.05
942 39 44 -3.13 -0.92
943 40 44 -0.97 -0.48
944 41 44 -1.71 -0.66
945 42 44 0.63 0.11
946 43 44 0.00 0.17
947 1 45 -0.34 -0.21
948 2 45 -1.00 -0.60
949 3 45 -0.47 0.04
950 4 45 -3.09 -0.30
951 5 45 1.72 0.06
952 6 45 -1.65 -0.30
953 7 45 4.45 0.80
954 8 45 -0.66 -0.33
955 9 45 0.42 -0.16
956 10 45 0.87 0.28
957 11 45 3.27 0.57
958 12 45 0.08 -0.33
959 13 45 3.47 0.74
960 14 45 -0.84 -0.29
961 15 45 5.50 1.26
962 16 45 -0.38 -0.01
963 17 45 0.96 0.10
964 18 45 -3.27 -0.63
965 19 45 1.61 -0.10
966 20 45 -0.63 -0.06
967 21 45 2.54 0.15
968 22 45 -0.81 -0.06
969 23 45 0.52 -0.09
970 24 45 -4.62 -1.40
971 25 45 -4.51 -0.63
972 26 45 -3.62 -0.43
973 27 45 1.28 0.76
974 28 45 0.37 0.28
975 29 45 3.61 0.63
976 30 45 -1.16 -0.41
977 31 45 0.10 0.28
978 32 45 -1.00 -0.10
979 33 45 0.88 0.11
980 34 45 -0.96 -0.09
981 35 45 -1.59 -0.35
982 36 45 3.95 0.64
983 37 45 3.07 1.77
984 38 45 0.72 -0.05
985 39 45 -0.97 -0.14
986 40 45 3.52 1.14
987 41 45 -1.00 -0.13
988 42 45 -1.84 0.07
989 43 45 -1.83 -0.48
990 44 45 -4.56 -1.24
991 1 46 -1.82 -0.28
992 2 46 -5.91 -0.93
993 3 46 -0.17 0.10
994 4 46 -2.86 -0.32
995 5 46 7.51 1.38
996 6 46 -1.05 -0.39
997 7 46 1.09 0.16
998 8 46 -0.43 -0.19
999 9 46 1.04 -0.23
1000 10 46 -1.85 -0.24
1001 11 46 5.55 1.12
1002 12 46 4.94 0.76
1003 13 46 5.09 0.45
1004 14 46 -1.57 -0.41
1005 15 46 -1.56 -0.22
1006 16 46 -0.98 -0.21
1007 17 46 5.13 0.79
1008 18 46 -4.11 -0.77
1009 19 46 -2.36 -0.78
1010 20 46 -0.07 -0.07
1011 21 46 2.09 0.10
1012 22 46 -0.64 0.10
1013 23 46 -1.55 -0.44
1014 24 46 4.60 1.40
1015 25 46 1.46 0.02
1016 26 46 -0.84 0.09
1017 27 46 -3.26 -0.00
1018 28 46 -2.40 -0.91
1019 29 46 1.79 0.45
1020 30 46 0.11 -0.07
1021 31 46 8.10 1.50
1022 32 46 -0.94 -0.25
1023 33 46 -4.99 -0.98
1024 34 46 -5.58 -0.71
1025 35 46 -1.42 -0.06
1026 36 46 -1.71 -0.91
1027 37 46 -2.00 -0.28
1028 38 46 -0.20 0.14
1029 39 46 -4.16 -1.25
1030 40 46 0.59 -0.15
1031 41 46 -3.69 -0.34
1032 42 46 -2.92 -0.31
1033 43 46 -0.40 0.03
1034 44 46 1.09 -0.04
1035 45 46 -0.87 -0.22
1036 1 47 0.18 -0.02
1037 2 47 0.29 0.22
1038 3 47 -1.31 -0.25
1039 4 47 -2.58 -0.00
1040 5 47 -0.52 -0.45
1041 6 47 -2.13 -0.35
1042 7 47 1.20 0.28
1043 8 47 -0.43 -0.13
1044 9 47 0.52 0.14
1045 10 47 -0.05 0.04
1046 11 47 1.77 -0.06
1047 12 47 2.87 0.95
1048 13 47 1.27 0.04
1049 14 47 -0.77 -0.21
1050 15 47 6.06 1.09
1051 16 47 -0.69 -0.08
1052 17 47 -0.00 -0.02
1053 18 47 -3.21 -0.70
1054 19 47 3.99 0.83
1055 20 47 -1.83 -0.23
1056 21 47 2.91 0.79
1057 22 47 0.43 0.09
1058 23 47 0.92 0.11
1059 24 47 -2.60 -0.78
1060 25 47 -1.92 -0.15
1061 26 47 -1.80 -0.44
1062 27 47 -0.49 0.11
1063 28 47 1.17 0.28
1064 29 47 4.83 0.86
1065 30 47 -1.48 -0.22
1066 31 47 2.45 1.13
1067 32 47 -2.09 -0.15
1068 33 47 2.56 0.50
1069 34 47 -1.59 -0.32
1070 35 47 -1.92 -0.56
1071 36 47 3.33 0.74
1072 37 47 4.05 1.79
1073 38 47 0.96 0.07
1074 39 47 0.29 0.50
1075 40 47 1.91 0.32
1076 41 47 -1.06 -0.03
1077 42 47 -2.76 -0.17
1078 43 47 -2.70 -0.59
1079 44 47 -2.22 -0.65
1080 45 47 8.16 2.10
1081 46 47 -0.99 -0.29
1082 1 48 -2.71 -0.36
1083 2 48 -0.27 0.25
1084 3 48 -3.42 -0.67
1085 4 48 -2.22 -1.03
1086 5 48 -0.56 -0.09
1087 6 48 -1.86 -0.39
1088 7 48 -4.98 -1.03
1089 8 48 -1.53 -0.33
1090 9 48 1.41 0.63
1091 10 48 0.17 0.16
1092 11 48 -1.88 -0.76
1093 12 48 0.17 0.01
1094 13 48 -0.90 -0.49
1095 14 48 -3.18 -0.69
1096 15 48 -3.43 -1.37
1097 16 48 -1.87 -0.39
1098 17 48 1.26 0.19
1099 18 48 2.42 0.57
1100 19 48 -1.94 -0.65
1101 20 48 -1.80 -0.32
1102 21 48 0.20 0.03
1103 22 48 2.46 0.83
1104 23 48 -0.30 -0.07
1105 24 48 4.98 1.84
1106 25 48 4.75 0.69
1107 26 48 2.02 0.04
1108 27 48 -2.80 -0.80
1109 28 48 2.64 0.45
1110 29 48 4.75 1.88
1111 30 48 -2.01 -0.30
1112 31 48 3.45 0.39
1113 32 48 -2.02 -0.28
1114 33 48 3.02 1.03
1115 34 48 -1.26 -0.48
1116 35 48 -1.39 -0.30
1117 36 48 -1.83 -0.56
1118 37 48 2.10 0.11
1119 38 48 -0.90 -0.20
1120 39 48 1.00 0.34
1121 40 48 0.05 -0.04
1122 41 48 0.06 0.31
1123 42 48 -0.03 -0.08
1124 43 48 -0.28 0.02
1125 44 48 6.77 1.63
1126 45 48 -3.07 -0.65
1127 46 48 3.74 1.17
1128 47 48 -1.63 -0.51
1129 1 49 0.80 0.26
1130 2 49 -1.11 0.26
1131 3 49 -3.43 -0.66
1132 4 49 -3.21 -0.62
1133 5 49 7.75 2.57
1134 6 49 -0.74 -0.36
1135 7 49 5.58 0.62
1136 8 49 -0.92 0.14
1137 9 49 5.88 1.25
1138 10 49 5.95 2.42
1139 11 49 7.74 2.57
1140 12 49 -3.79 -2.40
1141 13 49 4.83 0.72
1142 14 49 -2.53 -0.57
1143 15 49 -2.96 -1.10
1144 16 49 -2.37 -0.36
1145 17 49 2.95 0.49
1146 18 49 -3.84 -0.21
1147 19 49 1.61 -0.00
1148 20 49 0.32 0.06
1149 21 49 6.05 1.06
1150 22 49 -0.63 0.09
1151 23 49 -0.91 -0.16
1152 24 49 -3.33 -1.02
1153 25 49 -1.79 0.45
1154 26 49 -6.61 -1.11
1155 27 49 -2.01 -0.23
1156 28 49 0.51 0.38
1157 29 49 2.49 1.65
1158 30 49 1.01 0.03
1159 31 49 -1.96 -0.80
1160 32 49 0.49 -0.14
1161 33 49 2.43 0.97
1162 34 49 -0.71 0.20
1163 35 49 -2.33 -0.24
1164 36 49 6.93 1.88
1165 37 49 -4.93 -0.63
1166 38 49 -0.51 -0.02
1167 39 49 -0.10 0.34
1168 40 49 -0.64 -0.20
1169 41 49 2.61 1.48
1170 42 49 -2.32 -0.32
1171 43 49 0.66 -0.03
1172 44 49 -1.81 0.13
1173 45 49 2.87 0.51
1174 46 49 -0.61 -0.54
1175 47 49 1.00 0.05
1176 48 49 3.23 1.79
1177 1 50 -1.49 -0.26
1178 2 50 -0.59 -0.23
1179 3 50 0.22 -0.14
1180 4 50 -1.30 -0.25
1181 5 50 -1.17 -0.51
1182 6 50 -0.01 -0.03
1183 7 50 -2.31 -0.23
1184 8 50 -0.56 -0.30
1185 9 50 0.40 0.04
1186 10 50 -4.81 -0.59
1187 11 50 -0.72 -0.12
1188 12 50 2.23 0.44
1189 13 50 2.15 0.27
1190 14 50 -0.09 -0.09
1191 15 50 0.33 0.02
1192 16 50 -0.49 -0.17
1193 17 50 1.32 0.15
1194 18 50 0.27 -0.01
1195 19 50 -3.91 -0.69
1196 20 50 0.44 0.09
1197 21 50 1.95 0.37
1198 22 50 0.75 0.02
1199 23 50 -0.75 -0.30
1200 24 50 -0.91 -0.41
1201 25 50 1.19 -0.07
1202 26 50 1.62 0.26
1203 27 50 -1.03 -0.22
1204 28 50 0.84 -0.11
1205 29 50 2.22 0.25
1206 30 50 -0.23 -0.10
1207 31 50 4.04 0.85
1208 32 50 -0.06 -0.03
1209 33 50 0.21 0.05
1210 34 50 -1.67 -0.14
1211 35 50 0.39 -0.10
1212 36 50 -5.43 -0.94
1213 37 50 1.44 0.09
1214 38 50 -0.51 -0.11
1215 39 50 -3.69 -0.72
1216 40 50 -1.55 -0.32
1217 41 50 -1.36 -0.26
1218 42 50 -1.12 -0.18
1219 43 50 0.44 0.17
1220 44 50 4.33 0.58
1221 45 50 -2.11 -0.41
1222 46 50 3.51 0.52
1223 47 50 -1.19 -0.25
1224 48 50 1.90 0.20
1225 49 50 -3.20 -0.61
1226 1 51 0.62 0.14
1227 2 51 1.87 0.14
1228 3 51 1.18 0.19
1229 4 51 -0.13 -0.63
1230 5 51 -2.34 -0.45
1231 6 51 -1.41 -0.49
1232 7 51 -0.09 0.08
1233 8 51 1.76 0.45
1234 9 51 -1.23 -0.10
1235 10 51 0.61 0.09
1236 11 51 -2.36 -0.38
1237 12 51 -2.39 -0.55
1238 13 51 -2.18 -0.36
1239 14 51 1.33 0.17
1240 15 51 0.26 0.13
1241 16 51 1.76 0.30
1242 17 51 -1.66 -0.31
1243 18 51 1.62 0.02
1244 19 51 -0.23 -0.08
1245 20 51 0.51 0.09
1246 21 51 -1.12 -0.10
1247 22 51 -0.12 -0.11
1248 23 51 0.41 0.07
1249 24 51 -0.98 -0.17
1250 25 51 -1.07 -0.31
1251 26 51 0.13 -0.15
1252 27 51 -0.25 -0.41
1253 28 51 -0.43 -0.11
1254 29 51 -1.98 -0.56
1255 30 51 0.28 0.07
1256 31 51 -3.36 -0.71
1257 32 51 -0.34 -0.23
1258 33 51 0.38 -0.00
1259 34 51 1.94 0.12
1260 35 51 -0.00 -0.12
1261 36 51 -0.56 -0.10
1262 37 51 0.20 -0.17
1263 38 51 -1.17 -0.36
1264 39 51 0.77 0.22
1265 40 51 -1.21 -0.33
1266 41 51 0.57 -0.02
1267 42 51 2.35 0.54
1268 43 51 0.43 -0.04
1269 44 51 0.03 0.00
1270 45 51 -1.32 -0.29
1271 46 51 -1.75 -0.04
1272 47 51 -1.74 -0.42
1273 48 51 -0.64 -0.11
1274 49 51 -0.59 -0.04
1275 50 51 -0.25 0.12
1276 1 52 0.27 0.06
1277 2 52 1.18 0.01
1278 3 52 0.62 0.02
1279 4 52 1.15 -0.24
1280 5 52 -2.33 -0.18
1281 6 52 -0.48 -0.04
1282 7 52 -2.02 -0.27
1283 8 52 0.90 0.19
1284 9 52 -1.66 -0.04
1285 10 52 0.12 -0.06
1286 11 52 -4.24 -1.03
1287 12 52 -2.13 -0.25
1288 13 52 -1.73 0.05
1289 14 52 1.32 0.34
1290 15 52 -0.48 -0.16
1291 16 52 1.13 0.21
1292 17 52 -1.40 -0.32
1293 18 52 2.41 0.09
1294 19 52 -0.88 -0.23
1295 20 52 -1.54 -0.39
1296 21 52 -2.56 -0.45
1297 22 52 0.30 0.03
1298 23 52 1.03 0.30
1299 24 52 0.77 0.11
1300 25 52 0.24 -0.20
1301 26 52 0.17 -0.56
1302 27 52 -0.21 -0.26
1303 28 52 0.06 -0.11
1304 29 52 -0.47 0.03
1305 30 52 -1.27 -0.27
1306 31 52 -1.51 -0.46
1307 32 52 -0.68 -0.10
1308 33 52 -0.06 -0.03
1309 34 52 1.07 -0.20
1310 35 52 -0.55 -0.34
1311 36 52 -1.05 -0.01
1312 37 52 2.39 0.33
1313 38 52 -0.81 -0.25
1314 39 52 1.73 0.51
1315 40 52 -0.58 -0.38
1316 41 52 0.95 0.07
1317 42 52 3.27 0.85
1318 43 52 -1.29 -0.43
1319 44 52 1.55 0.30
1320 45 52 -1.05 -0.15
1321 46 52 -0.96 0.23
1322 47 52 -1.06 -0.20
1323 48 52 0.57 -0.04
1324 49 52 -1.14 0.05
1325 50 52 -0.23 -0.04
1326 51 52 1.10 0.11
1327 1 53 0.73 0.08
1328 2 53 -0.28 0.28
1329 3 53 -1.59 -0.28
1330 4 53 -1.44 -0.15
1331 5 53 3.40 0.51
1332 6 53 0.38 0.03
1333 7 53 3.51 0.56
1334 8 53 -0.24 0.03
1335 9 53 1.20 0.04
1336 10 53 0.80 0.02
1337 11 53 2.66 0.12
1338 12 53 0.67 0.12
1339 13 53 1.36 -0.10
1340 14 53 -1.03 -0.31
1341 15 53 0.33 0.01
1342 16 53 -1.27 -0.22
1343 17 53 0.28 -0.13
1344 18 53 -2.00 -0.01
1345 19 53 2.66 0.52
1346 20 53 -0.58 -0.20
1347 21 53 2.14 0.41
1348 22 53 -0.13 0.00
1349 23 53 -0.34 -0.03
1350 24 53 -0.42 -0.11
1351 25 53 -1.15 0.01
1352 26 53 -2.49 -0.40
1353 27 53 -1.35 -0.23
1354 28 53 -1.77 -0.36
1355 29 53 -0.79 -0.28
1356 30 53 0.18 -0.08
1357 31 53 0.84 0.29
1358 32 53 -0.18 -0.11
1359 33 53 -1.74 -0.34
1360 34 53 -1.54 -0.22
1361 35 53 -0.82 -0.09
1362 36 53 2.86 0.33
1363 37 53 -2.38 -0.32
1364 38 53 -0.33 -0.09
1365 39 53 -0.47 0.11
1366 40 53 -0.71 -0.16
1367 41 53 -0.61 -0.01
1368 42 53 -1.51 -0.18
1369 43 53 0.40 0.07
1370 44 53 -1.94 -0.22
1371 45 53 1.47 0.14
1372 46 53 0.92 0.02
1373 47 53 1.61 0.38
1374 48 53 -1.91 -0.42
1375 49 53 1.33 -0.06
1376 50 53 0.12 0.33
1377 51 53 -1.19 -0.24
1378 52 53 -0.80 -0.01
1379 1 54 -0.05 -0.01
1380 2 54 1.11 0.24
1381 3 54 -0.45 -0.09
1382 4 54 -1.36 -0.53
1383 5 54 0.79 0.26
1384 6 54 0.84 0.15
1385 7 54 0.21 -0.09
1386 8 54 -0.72 -0.19
1387 9 54 1.22 0.15
1388 10 54 -1.75 -0.42
1389 11 54 -0.50 -0.15
1390 12 54 -1.86 -0.54
1391 13 54 1.97 0.42
1392 14 54 -0.46 -0.17
1393 15 54 -0.07 -0.06
1394 16 54 -0.13 0.03
1395 17 54 0.04 -0.17
1396 18 54 -0.10 -0.08
1397 19 54 -1.30 -0.30
1398 20 54 0.13 -0.06
1399 21 54 0.58 -0.19
1400 22 54 0.77 0.13
1401 23 54 0.54 0.14
1402 24 54 -2.01 -0.51
1403 25 54 -1.10 -0.15
1404 26 54 -1.36 -0.27
1405 27 54 -0.28 -0.18
1406 28 54 0.69 0.05
1407 29 54 0.94 0.23
1408 30 54 0.27 -0.08
1409 31 54 -0.15 -0.07
1410 32 54 1.11 0.17
1411 33 54 -0.08 -0.04
1412 34 54 -0.61 -0.30
1413 35 54 -0.23 -0.18
1414 36 54 -1.27 -0.31
1415 37 54 0.20 0.15
1416 38 54 -0.65 -0.19
1417 39 54 -0.74 0.34
1418 40 54 -1.50 -0.39
1419 41 54 0.55 0.11
1420 42 54 0.29 0.27
1421 43 54 -0.21 -0.14
1422 44 54 0.50 0.02
1423 45 54 -0.23 -0.16
1424 46 54 0.66 0.27
1425 47 54 -0.81 -0.25
1426 48 54 0.46 0.05
1427 49 54 0.71 0.03
1428 50 54 0.52 0.01
1429 51 54 0.26 0.07
1430 52 54 -1.17 -0.48
1431 53 54 0.63 0.18
1432 1 55 -1.54 -0.36
1433 2 55 -0.65 -0.06
1434 3 55 1.01 0.14
1435 4 55 -0.53 0.07
1436 5 55 1.63 -0.10
1437 6 55 0.70 0.02
1438 7 55 4.01 0.81
1439 8 55 -0.46 -0.09
1440 9 55 0.86 0.24
1441 10 55 -0.17 -0.05
1442 11 55 1.62 0.14
1443 12 55 1.21 0.17
1444 13 55 0.81 0.07
1445 14 55 -0.90 -0.35
1446 15 55 0.12 -0.00
1447 16 55 0.87 0.08
1448 17 55 0.73 0.06
1449 18 55 -1.53 -0.12
1450 19 55 0.28 0.04
1451 20 55 0.68 0.05
1452 21 55 -1.48 -0.55
1453 22 55 1.56 0.28
1454 23 55 0.41 0.13
1455 24 55 0.06 0.05
1456 25 55 0.13 0.17
1457 26 55 -2.08 -0.42
1458 27 55 -0.24 -0.03
1459 28 55 -2.74 -0.52
1460 29 55 -2.38 -0.63
1461 30 55 1.04 0.08
1462 31 55 0.71 0.10
1463 32 55 0.40 -0.03
1464 33 55 -1.93 -0.24
1465 34 55 -1.76 -0.16
1466 35 55 0.38 0.02
1467 36 55 0.43 -0.04
1468 37 55 -0.24 0.17
1469 38 55 0.29 0.03
1470 39 55 -2.52 -0.56
1471 40 55 0.83 0.11
1472 41 55 0.33 0.14
1473 42 55 -0.81 -0.18
1474 43 55 -0.24 -0.10
1475 44 55 -1.15 -0.09
1476 45 55 1.66 0.33
1477 46 55 2.10 0.26
1478 47 55 0.76 0.20
1479 48 55 -1.90 -0.31
1480 49 55 -1.02 -0.34
1481 50 55 0.48 0.13
1482 51 55 -2.13 -0.44
1483 52 55 -0.97 -0.17
1484 53 55 1.91 0.31
1485 54 55 -0.10 -0.03
